72585995 0 6987206
3613700480 3337307014 262222114
3107305066 2641039316 68521519
1346057837 1130104209 332811266
1789578875 2709560835 110508022
1678869103 3335693412 1613602
4221249401 2413595122 73717895
1283830508 2273268756 62227329
2654986608 3645211688 211881713
1900086897 3599529128 45682560
866613618 2487313017 153726299
1945769457 1462915475 224589729
2170359186 2335496085 78099037
1020339917 866613618 263490591
3175826585 3857093401 437873895
1680482705 3226597242 109096170
2866868321 1687505204 240436745
3875922594 1927941949 345326807
2248458223 2820068857 406528385
0 6987206 72585995