3586928302 2065932610 149219519
709155282 323064563 19167863
1359021687 3937987878 39697029
4009761511 2966667063 138486244
300370292 619673957 122108798
1230327417 992326977 128694270
1524755905 3624589590 105592616
3736147821 2637585432 174385627
1068077767 3730182206 162249650
3120252652 1674438017 80200651
434861301 1581164273 93273744
3489613286 225749547 97315016
2210476726 741782755 111642249
1630348521 1811987842 123678973
1456067890 2488658901 68688015
2890604013 917374342 74952635
2638888586 853425004 63949338
528135045 2557346916 80238516
2440002559 2215152129 198886027
608373561 3105153307 100781721
3910533448 342232426 99228063
4148247755 3892431856 45556022
2702837924 4107201207 187766089
1754027494 1121021247 298601872
2322118975 1948049026 117883584
889864299 441460489 178213468
3200453303 3559871086 36387444
225749547 2414038156 74620745
422479090 1935666815 12382211
728323145 1419623119 161541154
1398718716 1754638668 57349174
2052629366 3977684907 129516300
4193803777 3458707567 101163519
2182145666 3596258530 28331060
2965556648 2811971059 154696004
3236840747 3205935028 252772539