1713604757 2608139445 8097487
416889953 2083343492 58961768
1343227622 1417788674 170490633
2121243443 2549534549 51843959
3366419885 3580448237 174948163
2173087402 0 443149530
3030450490 4139087067 155880229
3186330719 3883823748 51661818
1513718255 1282808215 134980459
1075515973 1815631843 267711649
967716956 443149530 107799017
3237992537 3755396400 128427348
3825109759 3262058246 318389991
879862906 954959732 80165960
6760937 1035125692 247682523
2953403197 3185010953 77047293
960028866 2541846459 7688090
4143499750 3033543407 151467546
2749801696 3935485566 203601501
1648698714 1750725800 64906043
254443460 1588279307 162446493
475851721 550948547 404011185
3541368048 2749801696 283741711
1721702244 2142305260 399541199
0 2601378508 6760937