688557414 35571309 205276783
1344556852 4212560627 61250968
3617960922 3570339727 35153299
1798596843 4122755682 89804945
968601622 2840504203 289938389
3674269922 3395595703 19024769
2596309702 1911252584 80861179
2438263727 2065549417 13406592
1405807820 1518463561 392789023
617995054 866387965 70562360
1258540011 2078956009 86016841
3395085595 2301904832 149439673
4212818712 3130442592 82148584
1888401788 968601622 549861939
3005925897 2451344505 389159698
3544525268 1992113763 73435654
929405506 858843146 7544819
3868591817 3605493026 188507640
3653114221 4273811595 21155701
893834197 0 35571309
2588602301 3387888302 7707401
2677170881 3794000666 328755016
4057099457 3414620472 155719255
0 240848092 617995054
3693294691 3212591176 175297126
2451670319 2164972850 136931982