2037529808 755544791 28492175
786265521 51055407 490038659
4209265112 3740304131 26706989
1490754905 2631438697 34586718
1525341623 2263058012 73974507
1774661286 1921164897 262868522
3007460847 4099468601 72419286
3538443051 3849232192 250236409
1276304180 541094066 214450725
3913003454 3767011120 59428684
1599316130 2497793999 133644698
3079880133 3189897565 426082572
716780020 784036966 69485501
1732960828 0 41700458
2066021983 41700458 9354949
0 853522467 536962937
3972432138 2920584245 236832974
536962937 2337032519 100792490
4272174908 3826439804 22792388
3788679460 3615980137 124323994
2135345922 1446730958 474433939
637755427 2184033419 79024593
2884381438 4171887887 123079409
2075376932 2437825009 59968990
4235972101 2884381438 36202807
2609779861 1390485404 56245554
3505962705 3157417219 32480346