2573961911 2642757339 200829754
422488483 458127884 156893128
2774791665 2843587093 21928567
579381611 0 138939
1694098304 2191562282 184724096
3947192080 3245704277 276559964
972559115 1385376838 44883044
3491468609 3875486597 235886348
1207641311 1359799603 25577235
2301984556 4185647450 96253759
3943275635 3001826942 3916445
901810658 387379427 70748457
285678041 1226326727 103026012
0 775143786 192216167
3304976053 3522264241 95407569
2086394179 1904419031 20334668
2797747442 1694098304 113068417
2398238315 1924753699 175723596
4223752044 2376286378 71215252
192216167 1132864853 93461874
392041619 1329352739 30446864
736305758 967359953 44331476
3740421044 2865515660 136311282
388704053 771806220 3337566
2796720232 4111372945 1027210
3727354957 4281901209 13066087
1017442159 197180275 190199152
1878822400 4112400155 6703986
3400383622 2100477295 91084987
780637234 1011691429 121173424
1885526386 3674618804 200867793
2910815859 3617671810 56946994
2967762853 1807166721 97252310
3065015163 3005743387 239960890
1233218546 138939 197041336
2106728847 2447501630 195255709
579520550 615021012 156785208
3876732326 4119104141 66543309